[gd_scene load_steps=59 format=3 uid="uid://bgx5052apfn1j"]

[ext_resource type="PackedScene" uid="uid://c3ownf3ph4q5b" path="res://Scenes/sewers/brick/brick_small_section_long.tscn" id="1_8j7el"]
[ext_resource type="PackedScene" uid="uid://dq04vl1aelsiq" path="res://Scenes/sewers/brick/brick_small_section_side_door.tscn" id="2_dspjw"]
[ext_resource type="PackedScene" uid="uid://cqvuq7dcdndfn" path="res://Scenes/sewers/brick/brick_small_section_endcap.tscn" id="3_fh68y"]
[ext_resource type="PackedScene" uid="uid://dr1pf5krx8avu" path="res://Scenes/sewers/brick/brick_doorframe.tscn" id="4_ym5bi"]
[ext_resource type="PackedScene" uid="uid://cdodfejabfhsg" path="res://Scenes/sewers/door_metal_greenish.tscn" id="5_yuh2w"]
[ext_resource type="PackedScene" uid="uid://bqh80regujx4m" path="res://Scenes/sewers/brick/brick_small_section_intersection_t.tscn" id="6_fkc1a"]
[ext_resource type="PackedScene" uid="uid://da1n43ql85c1w" path="res://Scenes/sewers/brick/brick_small_bend_small.tscn" id="7_lnq35"]
[ext_resource type="PackedScene" uid="uid://v32u8wvq1qjk" path="res://Scenes/sewers/round_irongate_with_door.tscn" id="7_ym5bi"]
[ext_resource type="PackedScene" uid="uid://0lp276k87os2" path="res://Scenes/sewers/brick/brick_small_section.tscn" id="9_fkc1a"]
[ext_resource type="PackedScene" uid="uid://c4of0hl13t4ho" path="res://Scenes/items/rusty_key.tscn" id="9_yuh2w"]
[ext_resource type="Script" uid="uid://cmkxo212d8h43" path="res://Scenes/scripts/task_item.gd" id="10_fkc1a"]
[ext_resource type="PackedScene" uid="uid://cxlmwcyqd38xu" path="res://Scenes/player/player.tscn" id="11_yuh2w"]
[ext_resource type="PackedScene" uid="uid://cmols21psu2mu" path="res://Scenes/sewers/brick/brick_small_section_w_ladder.tscn" id="12_lnq35"]
[ext_resource type="PackedScene" uid="uid://dnbysvlties56" path="res://Scenes/pipes/90_degree_bend.tscn" id="13_8mvnu"]
[ext_resource type="PackedScene" uid="uid://l6wcspiyotr0" path="res://Scenes/pipes/straight_long.tscn" id="14_co332"]
[ext_resource type="PackedScene" uid="uid://bblxwcepvxhe5" path="res://Scenes/sewers/brick/brick_small_section_rising.tscn" id="15_kb2w7"]
[ext_resource type="PackedScene" uid="uid://coo8oe2m5tcep" path="res://Scenes/sewers/door_metal_white.tscn" id="16_g6qx2"]
[ext_resource type="PackedScene" uid="uid://ccg5wfuugswxv" path="res://Scenes/sewers/maintenance/straight_section_dooropening.tscn" id="17_3m7r5"]
[ext_resource type="PackedScene" uid="uid://dou6wg11bbbdk" path="res://Scenes/sewers/maintenance/straight_section.tscn" id="18_8mr20"]
[ext_resource type="PackedScene" uid="uid://dgqxascvw103u" path="res://Scenes/sewers/maintenance/straight_section_intersection_t.tscn" id="19_1ega6"]
[ext_resource type="PackedScene" uid="uid://cl02oh8fje18n" path="res://Scenes/sewers/maintenance/straight_just_endcap.tscn" id="20_c46r4"]
[ext_resource type="PackedScene" uid="uid://boml7la0rfm2s" path="res://Scenes/pipes/t_section_short.tscn" id="21_c46r4"]
[ext_resource type="PackedScene" uid="uid://bw2p5i8arn6yq" path="res://Scenes/pipes/cap_with_valve.tscn" id="22_eugjt"]
[ext_resource type="PackedScene" uid="uid://l4v60nkm56wn" path="res://Scenes/people/person_1.tscn" id="23_mjtoc"]
[ext_resource type="PackedScene" uid="uid://3rcfx4qd0qag" path="res://Scenes/props/trashpile.tscn" id="24_0074i"]
[ext_resource type="PackedScene" uid="uid://bwlpjwt64k5kv" path="res://Scenes/props/trash_1.tscn" id="25_8k7ur"]
[ext_resource type="PackedScene" uid="uid://dqfotgg6pf2pg" path="res://Scenes/props/trashbag_1.tscn" id="26_6jro4"]
[ext_resource type="PackedScene" uid="uid://d1c7gwx3d0fu7" path="res://Scenes/props/trashbag_2.tscn" id="27_j6408"]
[ext_resource type="PackedScene" uid="uid://cle8c6rdqlcnb" path="res://Scenes/sewers/monster_sound_trigger.tscn" id="28_hl2sv"]
[ext_resource type="PackedScene" uid="uid://rqy8y0rec5rj" path="res://Scenes/props/ruble_pile_brick.tscn" id="29_0074i"]
[ext_resource type="PackedScene" uid="uid://cstcw55ntqi0f" path="res://Scenes/props/ruble_pile_concrete.tscn" id="30_8k7ur"]
[ext_resource type="Texture2D" uid="uid://c0xttfrwldi4c" path="res://Assets/particles/steam.png" id="30_nyvxu"]
[ext_resource type="Script" uid="uid://1n3chgvpiqk7" path="res://Scenes/levels/gpu_particles_3d.gd" id="31_6mq8g"]
[ext_resource type="PackedScene" uid="uid://dxt3ioqkhuo8k" path="res://Scenes/props/broken_ceiling.tscn" id="31_dvoc4"]
[ext_resource type="AudioStream" uid="uid://olpxqb5ryxfj" path="res://Assets/sound/steam-2-36231.mp3" id="31_wod1t"]
[ext_resource type="PackedScene" uid="uid://bbtve6xthijrw" path="res://Scenes/props/ruble_brick.tscn" id="32_hl2sv"]
[ext_resource type="PackedScene" uid="uid://chet1ydnc5f4x" path="res://Scenes/props/tire.tscn" id="33_i6nr4"]
[ext_resource type="PackedScene" uid="uid://d0som4xiecwhb" path="res://Scenes/props/cardboard_low_open.tscn" id="34_tg54v"]
[ext_resource type="PackedScene" uid="uid://dvtg3wkbxa0td" path="res://Scenes/monster/monster.tscn" id="35_lddb5"]
[ext_resource type="PackedScene" uid="uid://dtc3vhwfivppe" path="res://Scenes/items/oil_lamp.tscn" id="37_tg54v"]
[ext_resource type="AudioStream" uid="uid://tab88887t1oi" path="res://Assets/sound/sound-ambience-sonido-ambiente-3-14040.mp3" id="38_lddb5"]
[ext_resource type="Script" uid="uid://cur1rtjhbllc8" path="res://Scenes/transit.gd" id="39_lddb5"]

[sub_resource type="BoxShape3D" id="BoxShape3D_yuh2w"]
size = Vector3(0.388184, 0.0668335, 0.2117)

[sub_resource type="FogMaterial" id="FogMaterial_nyvxu"]
density = 1.1758
albedo = Color(0.0295066, 0.0295066, 0.0295066, 1)

[sub_resource type="Image" id="Image_6mq8g"]
data = {
"data": PackedByteArray(255, 0, 255, 255, 0, 0, 0, 255, 255, 0, 255, 255, 0, 0, 0, 255, 0, 0, 0, 255, 255, 0, 255, 255, 0, 0, 0, 255, 255, 0, 255, 255, 255, 0, 255, 255, 0, 0, 0, 255, 255, 0, 255, 255, 0, 0, 0, 255, 0, 0, 0, 255, 255, 0, 255, 255, 0, 0, 0, 255, 255, 0, 255, 255),
"format": "RGBA8",
"height": 4,
"mipmaps": false,
"width": 4
}

[sub_resource type="Image" id="Image_vo635"]
data = {
"data": PackedByteArray(0, 0, 0, 255, 255, 0, 255, 255, 0, 0, 0, 255, 255, 0, 255, 255, 255, 0, 255, 255, 0, 0, 0, 255, 255, 0, 255, 255, 0, 0, 0, 255, 0, 0, 0, 255, 255, 0, 255, 255, 0, 0, 0, 255, 255, 0, 255, 255, 255, 0, 255, 255, 0, 0, 0, 255, 255, 0, 255, 255, 0, 0, 0, 255),
"format": "RGBA8",
"height": 4,
"mipmaps": false,
"width": 4
}

[sub_resource type="Image" id="Image_ibvsg"]
data = {
"data": PackedByteArray(255, 0, 255, 255, 0, 0, 0, 255, 255, 0, 255, 255, 0, 0, 0, 255, 0, 0, 0, 255, 255, 0, 255, 255, 0, 0, 0, 255, 255, 0, 255, 255, 255, 0, 255, 255, 0, 0, 0, 255, 255, 0, 255, 255, 0, 0, 0, 255, 0, 0, 0, 255, 255, 0, 255, 255, 0, 0, 0, 255, 255, 0, 255, 255),
"format": "RGBA8",
"height": 4,
"mipmaps": false,
"width": 4
}

[sub_resource type="Image" id="Image_ilnun"]
data = {
"data": PackedByteArray(0, 0, 0, 255, 255, 0, 255, 255, 0, 0, 0, 255, 255, 0, 255, 255, 255, 0, 255, 255, 0, 0, 0, 255, 255, 0, 255, 255, 0, 0, 0, 255, 0, 0, 0, 255, 255, 0, 255, 255, 0, 0, 0, 255, 255, 0, 255, 255, 255, 0, 255, 255, 0, 0, 0, 255, 255, 0, 255, 255, 0, 0, 0, 255),
"format": "RGBA8",
"height": 4,
"mipmaps": false,
"width": 4
}

[sub_resource type="ImageTexture3D" id="ImageTexture3D_xrtyr"]
_images = Array[Image]([SubResource("Image_6mq8g"), SubResource("Image_vo635"), SubResource("Image_ibvsg"), SubResource("Image_ilnun")])

[sub_resource type="FogMaterial" id="FogMaterial_lddb5"]
density = 0.5
emission = Color(0.223103, 0.223103, 0.223103, 1)
edge_fade = 0.221914
density_texture = SubResource("ImageTexture3D_xrtyr")

[sub_resource type="Environment" id="Environment_nyvxu"]
ambient_light_color = Color(0.805575, 0.645287, 0.414176, 1)
ambient_light_energy = 0.65
tonemap_mode = 2
volumetric_fog_enabled = true
volumetric_fog_density = 0.0
volumetric_fog_albedo = Color(0, 0.240552, 0.0827254, 1)
volumetric_fog_emission_energy = 0.3

[sub_resource type="BoxShape3D" id="BoxShape3D_ibvsg"]
size = Vector3(1, 1.83093, 2.26251)

[sub_resource type="Curve" id="Curve_wod1t"]
_limits = [-360.0, 360.0, 0.0, 1.0]
_data = [Vector2(0, 1), 0.0, 0.0, 0, 0, Vector2(0.427536, -190.112), 0.0, 0.0, 0, 0, Vector2(0.797101, -52.5842), 0.0, 0.0, 0, 0]
point_count = 3

[sub_resource type="CurveTexture" id="CurveTexture_6mq8g"]
curve = SubResource("Curve_wod1t")

[sub_resource type="ParticleProcessMaterial" id="ParticleProcessMaterial_vo635"]
lifetime_randomness = 0.19
emission_shape = 1
emission_sphere_radius = 0.75
angle_min = -204.5
angle_max = 196.4
angle_curve = SubResource("CurveTexture_6mq8g")

[sub_resource type="StandardMaterial3D" id="StandardMaterial3D_ibvsg"]
transparency = 1
no_depth_test = true
albedo_texture = ExtResource("30_nyvxu")
proximity_fade_enabled = true
proximity_fade_distance = 0.01
distance_fade_mode = 3

[sub_resource type="QuadMesh" id="QuadMesh_ilnun"]
material = SubResource("StandardMaterial3D_ibvsg")
size = Vector2(1.2, 1.2)

[sub_resource type="BoxShape3D" id="BoxShape3D_6mq8g"]
size = Vector3(6.14044, 10.6539, 2.48889)

[node name="Level2" type="Node3D"]

[node name="level_geometry" type="Node3D" parent="."]

[node name="brick_small_section_long" parent="level_geometry" instance=ExtResource("1_8j7el")]

[node name="brick_small_section_long2" parent="level_geometry" instance=ExtResource("1_8j7el")]
transform = Transform3D(1, 0, 0, 0, 1, 0, 0, 0, 1, 0, 0, -13.77)

[node name="brick_small_section_long6" parent="level_geometry" instance=ExtResource("1_8j7el")]
transform = Transform3D(1, 0, 0, 0, 1, 0, 0, 0, 1, 43.288, 0, -64.503)

[node name="brick_small_section_long3" parent="level_geometry" instance=ExtResource("1_8j7el")]
transform = Transform3D(1, 0, 0, 0, 1, 0, 0, 0, 1, 0, 0, -27.54)

[node name="brick_small_section_long5" parent="level_geometry" instance=ExtResource("1_8j7el")]
transform = Transform3D(1, 0, 0, 0, 1, 0, 0, 0, 1, -26.3526, 0, -66.9853)

[node name="brick_small_section_long10" parent="level_geometry" instance=ExtResource("1_8j7el")]
transform = Transform3D(-4.37114e-08, 0, -1, 0, 1, 0, 1, 0, -4.37114e-08, 51.0454, 0, -79.268)

[node name="brick_small_section_long11" parent="level_geometry" instance=ExtResource("1_8j7el")]
transform = Transform3D(-4.37114e-08, 0, -1, 0, 1, 0, 1, 0, -4.37114e-08, 64.8126, 0, -79.268)

[node name="brick_small_section_long12" parent="level_geometry" instance=ExtResource("1_8j7el")]
transform = Transform3D(-4.37114e-08, 0, -1, 0, 1, 0, 1, 0, -4.37114e-08, 78.5882, 0, -79.268)

[node name="brick_small_section_long7" parent="level_geometry" instance=ExtResource("1_8j7el")]
transform = Transform3D(1, 0, 0, 0, 1, 0, 0, 0, 1, -24.688, 0, -98.001)

[node name="brick_small_section_long8" parent="level_geometry" instance=ExtResource("1_8j7el")]
transform = Transform3D(1, 0, 0, 0, 1, 0, 0, 0, 1, -24.688, 0, -111.766)

[node name="brick_small_section_long9" parent="level_geometry" instance=ExtResource("1_8j7el")]
transform = Transform3D(1, 0, 0, 0, 1, 0, 0, 0, 1, -24.688, 0, -125.525)

[node name="brick_small_section_long4" parent="level_geometry" instance=ExtResource("1_8j7el")]
transform = Transform3D(1, 0, 0, 0, 1, 0, 0, 0, 1, 12.845, 0, -54.486)

[node name="brick_small_section_side_door" parent="level_geometry" instance=ExtResource("2_dspjw")]
transform = Transform3D(-1, 0, -8.74228e-08, 0, 1, 0, 8.74228e-08, 0, -1, 0, 0, 6.765)

[node name="brick_small_section_endcap" parent="level_geometry" instance=ExtResource("3_fh68y")]
transform = Transform3D(-1, 0, -8.74228e-08, 0, 1, 0, 8.74228e-08, 0, -1, 0, 0, 13.537)

[node name="brick_doorframe" parent="level_geometry" instance=ExtResource("4_ym5bi")]
transform = Transform3D(1, 0, 0, 0, 1, 0, 0, 0, 1, 4.44336, 0, 6.76884)

[node name="door_metal_greenish" parent="level_geometry/brick_doorframe" instance=ExtResource("5_yuh2w")]
transform = Transform3D(1, 0, 0, 0, 1, 0, 0, 0, 1, -0.107743, 0, 0.4946)

[node name="brick_small_section_intersection_T" parent="level_geometry" instance=ExtResource("6_fkc1a")]
transform = Transform3D(-4.37114e-08, 0, 1, 0, 1, 0, -1, 0, -4.37114e-08, 0, 0, -42.313)

[node name="brick_small_section_intersection_T2" parent="level_geometry" instance=ExtResource("6_fkc1a")]
transform = Transform3D(-4.37114e-08, 0, 1, 0, 1, 0, -1, 0, -4.37114e-08, 12.845, 0, -69.258)

[node name="round_irongate_with_door" parent="level_geometry" instance=ExtResource("7_ym5bi")]
transform = Transform3D(2.29485e-07, 0, -1.75, 0, 1.75, 0, 1.75, 0, 2.29485e-07, 0, -0.23, -38.067)

[node name="StaticBody3D" parent="level_geometry/round_irongate_with_door/irongate_with_door" index="1"]
useable = true
oneshot = true
locked = true
locked_required = "Rusty Key"

[node name="round_irongate_with_door2" parent="level_geometry" instance=ExtResource("7_ym5bi")]
transform = Transform3D(-1.75, 0, -1.5299e-07, 0, 1.75, 0, 1.5299e-07, 0, -1.75, 17.1832, -0.23, -69.2653)

[node name="StaticBody3D" parent="level_geometry/round_irongate_with_door2/irongate_with_door" index="1"]
useable = true
oneshot = true
locked = true
locked_required = "Another Rusty Key"

[node name="brick_small_section_intersection_T3" parent="level_geometry" instance=ExtResource("6_fkc1a")]
transform = Transform3D(-1, 0, -8.74228e-08, 0, 1, 0, 8.74228e-08, 0, -1, -26.356, 0, -59.23)

[node name="brick_small_bend_small" parent="level_geometry" instance=ExtResource("7_lnq35")]
transform = Transform3D(-4.37114e-08, 0, -1, 0, 1, 0, 1, 0, -4.37114e-08, 7.767, 0, -42.31)

[node name="brick_small_bend_small2" parent="level_geometry" instance=ExtResource("7_lnq35")]
transform = Transform3D(-1, 0, 8.74228e-08, 0, 1, 0, -8.74228e-08, 0, -1, -13.178, 0, -47.388)

[node name="brick_small_bend_small3" parent="level_geometry" instance=ExtResource("7_lnq35")]
transform = Transform3D(1, 0, -1.74846e-07, 0, 1, 0, 1.74846e-07, 0, 1, -13.18, 0, -54.156)

[node name="brick_small_bend_small4" parent="level_geometry" instance=ExtResource("7_lnq35")]
transform = Transform3D(-1, 0, 8.74228e-08, 0, 1, 0, -8.74228e-08, 0, -1, -0.332, 0, -74.335)

[node name="brick_small_bend_small8" parent="level_geometry" instance=ExtResource("7_lnq35")]
transform = Transform3D(1, 0, -1.74846e-07, 0, 1, 0, 1.74846e-07, 0, 1, -0.332, 0, -81.0903)

[node name="brick_small_bend_small9" parent="level_geometry" instance=ExtResource("7_lnq35")]
transform = Transform3D(-1, 0, 8.74228e-08, 0, 1, 0, -8.74228e-08, 0, -1, -24.689, 0, -91.247)

[node name="brick_small_bend_small5" parent="level_geometry" instance=ExtResource("7_lnq35")]
transform = Transform3D(1, 0, -1.74846e-07, 0, 1, 0, 1.74846e-07, 0, 1, 26.023, 0, -64.183)

[node name="brick_small_bend_small6" parent="level_geometry" instance=ExtResource("7_lnq35")]
transform = Transform3D(-1, 0, 8.74228e-08, 0, 1, 0, -8.74228e-08, 0, -1, 26.028, 0, -57.413)

[node name="brick_small_bend_small7" parent="level_geometry" instance=ExtResource("7_lnq35")]
transform = Transform3D(-4.37114e-08, 0, -1, 0, 1, 0, 1, 0, -4.37114e-08, 38.204, 0, -52.33)

[node name="brick_small_section" parent="level_geometry" instance=ExtResource("9_fkc1a")]
transform = Transform3D(-4.37114e-08, 0, 1, 0, 1, 0, -1, 0, -4.37114e-08, -12.511, 0, -86.168)

[node name="brick_small_section_endcap2" parent="level_geometry" instance=ExtResource("3_fh68y")]
transform = Transform3D(-4.37114e-08, 0, -1, 0, 1, 0, 1, 0, -4.37114e-08, 92.3529, 0.00372028, -79.2695)

[node name="props" type="Node3D" parent="."]

[node name="rusty_key" parent="props" instance=ExtResource("9_yuh2w")]
transform = Transform3D(0.507764, 0, -0.861496, 0, 1, 0, 0.861496, 0, 0.507764, 1.48738, -0.576634, -36.2303)
script = ExtResource("10_fkc1a")
codename = "Rusty Key"

[node name="Area3D" type="Area3D" parent="props/rusty_key" groups=["collectable"]]

[node name="CollisionShape3D" type="CollisionShape3D" parent="props/rusty_key/Area3D"]
transform = Transform3D(1, 0, 0, 0, 1, 0, 0, 0, 1, 0.0175781, 0.0126038, 0.00471497)
shape = SubResource("BoxShape3D_yuh2w")

[node name="rusty_key2" parent="props" instance=ExtResource("9_yuh2w")]
transform = Transform3D(1, 0, 0, 0, 1, 0, 0, 0, 1, -25.1323, -1.36704, -108.525)
script = ExtResource("10_fkc1a")
codename = "Another Rusty Key"

[node name="Area3D" type="Area3D" parent="props/rusty_key2" groups=["collectable"]]

[node name="CollisionShape3D" type="CollisionShape3D" parent="props/rusty_key2/Area3D"]
transform = Transform3D(1, 0, 0, 0, 1, 0, 0, 0, 1, 0.0175781, 0.0126038, 0.00471497)
shape = SubResource("BoxShape3D_yuh2w")

[node name="brick_small_section_endcap" parent="." instance=ExtResource("3_fh68y")]
transform = Transform3D(1, 0, 0, 0, 1, 0, 0, 0, 1, -26.356, 0, -80.757)

[node name="brick_small_section_endcap6" parent="." instance=ExtResource("3_fh68y")]
transform = Transform3D(1, 0, 0, 0, 1, 0, 0, 0, 1, -24.705, -3.998, -166.349)

[node name="brick_small_section_endcap2" parent="." instance=ExtResource("3_fh68y")]
transform = Transform3D(-1, 0, 8.74228e-08, 0, 1, 0, -8.74228e-08, 0, -1, -26.358, 0, -44.687)

[node name="brick_small_section_endcap5" parent="." instance=ExtResource("3_fh68y")]
transform = Transform3D(1.31134e-07, 0, 1, 0, 1, 0, -1, 0, 1.31134e-07, 28.7692, 0, -79.2661)

[node name="brick_small_section_endcap3" parent="." instance=ExtResource("3_fh68y")]
transform = Transform3D(-1, 0, 8.74228e-08, 0, 1, 0, -8.74228e-08, 0, -1, -28.8504, 7.84099, -49.5304)

[node name="brick_small_section_endcap4" parent="." instance=ExtResource("3_fh68y")]
transform = Transform3D(1, 0, -1.74846e-07, 0, 1, 0, 1.74846e-07, 0, 1, -28.8504, 7.84099, -56.2676)

[node name="brick_small_section_w_ladder" parent="." instance=ExtResource("12_lnq35")]
transform = Transform3D(1, 0, 0, 0, 1, 0, 0, 0, 1, -26.355, 0, -51.458)

[node name="brick_small_section_intersection_T" parent="." instance=ExtResource("6_fkc1a")]
transform = Transform3D(-4.37114e-08, 0, 1, 0, 1, 0, -1, 0, -4.37114e-08, 43.2897, 0, -79.2634)

[node name="brick_small_section_side_door" parent="." instance=ExtResource("2_dspjw")]
transform = Transform3D(-4.37114e-08, 0, -1, 0, 1, 0, 1, 0, -4.37114e-08, 35.5376, 0, -79.2638)

[node name="brick_doorframe" parent="." instance=ExtResource("4_ym5bi")]
transform = Transform3D(-4.37114e-08, 0, 1, 0, 1, 0, -1, 0, -4.37114e-08, 35.543, -0.024, -83.635)

[node name="door_metal_greenish" parent="brick_doorframe" instance=ExtResource("5_yuh2w")]
transform = Transform3D(1, 0, 0, 0, 1, 0, 0, 0, 1, -0.0986099, 0, 0.504227)
useable = true

[node name="brick_doorframe3" parent="." instance=ExtResource("4_ym5bi")]
transform = Transform3D(-1, 0, -8.74228e-08, 0, 1, 0, 8.74228e-08, 0, -1, 29.3471, -0.0309041, -98.4597)

[node name="door_metal_greenish" parent="brick_doorframe3" instance=ExtResource("5_yuh2w")]
transform = Transform3D(1, 0, 0, 0, 1, 0, 0, 0, 1, -0.0986099, 0, 0.504227)
useable = true

[node name="90degree_bend" parent="." instance=ExtResource("13_8mvnu")]
transform = Transform3D(4.37114e-08, 1, 8.74228e-08, 1, -4.37114e-08, 0, 3.82137e-15, 8.74228e-08, -1, -21.9362, 0.431498, -106.403)

[node name="straight_long" parent="." instance=ExtResource("14_co332")]
transform = Transform3D(0.707107, 0.707107, 0, -0.707107, 0.707107, 0, 0, 0, 1, -21.786, 0.434, -108.244)

[node name="straight_long2" parent="." instance=ExtResource("14_co332")]
transform = Transform3D(0.707107, -0.707107, 0, 0.707107, 0.707107, 0, 0, 0, 1, -21.786, 0.434, -110.283)

[node name="90degree_bend2" parent="." instance=ExtResource("13_8mvnu")]
transform = Transform3D(4.37114e-08, 1, 8.74228e-08, -1, 4.37114e-08, -8.74228e-08, -8.74228e-08, -8.74228e-08, 1, -21.9362, 0.434834, -115.204)

[node name="straight_long3" parent="." instance=ExtResource("14_co332")]
transform = Transform3D(1, 0, 0, 0, -1, 8.74228e-08, 0, -8.74228e-08, -1, -21.786, 0.432332, -113.363)

[node name="straight_long4" parent="." instance=ExtResource("14_co332")]
transform = Transform3D(-0.707107, 0.707107, -6.18172e-08, 0.707107, 0.707107, -6.18172e-08, 0, -8.74228e-08, -1, -21.786, 0.432332, -111.324)

[node name="90degree_bend3" parent="." instance=ExtResource("13_8mvnu")]
transform = Transform3D(4.37114e-08, 1, 8.74228e-08, 1, -4.37114e-08, 0, 3.82137e-15, 8.74228e-08, -1, -21.9362, 0.853246, -106.403)

[node name="straight_long5" parent="." instance=ExtResource("14_co332")]
transform = Transform3D(1, 0, 0, 0, 1, 0, 0, 0, 1, -21.786, 0.855748, -108.244)

[node name="straight_long6" parent="." instance=ExtResource("14_co332")]
transform = Transform3D(1, 0, 0, 0, 1, 0, 0, 0, 1, -21.786, 0.855748, -110.283)

[node name="90degree_bend4" parent="." instance=ExtResource("13_8mvnu")]
transform = Transform3D(4.37114e-08, 1, 8.74228e-08, -1, 4.37114e-08, -8.74228e-08, -8.74228e-08, -8.74228e-08, 1, -21.9362, 0.856582, -115.204)

[node name="straight_long7" parent="." instance=ExtResource("14_co332")]
transform = Transform3D(1, 0, 0, 0, -1, 8.74228e-08, 0, -8.74228e-08, -1, -21.786, 0.85408, -113.363)

[node name="straight_long8" parent="." instance=ExtResource("14_co332")]
transform = Transform3D(0.707107, 0.707107, -6.18172e-08, 0.707107, -0.707107, 6.18172e-08, 0, -8.74228e-08, -1, -21.786, 0.85408, -111.324)

[node name="brick_small_section_rising" parent="." instance=ExtResource("15_kb2w7")]
transform = Transform3D(-1, 0, -8.74228e-08, 0, 1, 0, 8.74228e-08, 0, -1, -24.695, -1.002, -139.292)

[node name="brick_small_section_rising2" parent="." instance=ExtResource("15_kb2w7")]
transform = Transform3D(-1, 0, -8.74228e-08, 0, 1, 0, 8.74228e-08, 0, -1, -24.695, -2.003, -146.06)

[node name="brick_small_section_rising3" parent="." instance=ExtResource("15_kb2w7")]
transform = Transform3D(-1, 0, -8.74228e-08, 0, 1, 0, 8.74228e-08, 0, -1, -24.695, -3.00073, -152.826)

[node name="brick_small_section_rising4" parent="." instance=ExtResource("15_kb2w7")]
transform = Transform3D(-1, 0, -8.74228e-08, 0, 1, 0, 8.74228e-08, 0, -1, -24.695, -4.00173, -159.595)

[node name="brick_doorframe2" parent="." instance=ExtResource("4_ym5bi")]
transform = Transform3D(-4.37114e-08, 0, 1, 0, 1, 0, -1, 0, -4.37114e-08, -24.686, -4.023, -168.051)

[node name="door_metal_white" parent="brick_doorframe2" instance=ExtResource("16_g6qx2")]
transform = Transform3D(1, 0, 0, 0, 1, 0, 0, 0, 1, -0.125961, 0, 0.508656)
useable = true

[node name="straight_section_dooropening" parent="." instance=ExtResource("17_3m7r5")]
transform = Transform3D(-4.37114e-08, 0, -1, 0, 1, 0, 1, 0, -4.37114e-08, 35.538, 0, -85.4979)

[node name="straight_section_dooropening2" parent="." instance=ExtResource("17_3m7r5")]
transform = Transform3D(-1, 0, 8.74228e-08, 0, 1, 0, -8.74228e-08, 0, -1, 31.3513, 0, -98.4654)

[node name="straight_section_dooropening3" parent="." instance=ExtResource("17_3m7r5")]
transform = Transform3D(1, 0, -1.74846e-07, 0, 1, 0, 1.74846e-07, 0, 1, 27.5309, 0, -98.4654)

[node name="straight_section" parent="." instance=ExtResource("18_8mr20")]
transform = Transform3D(-4.37114e-08, 0, -1, 0, 1, 0, 1, 0, -4.37114e-08, 33.8967, 0, -90.567)

[node name="straight_section2" parent="." instance=ExtResource("18_8mr20")]
transform = Transform3D(-4.37114e-08, 0, -1, 0, 1, 0, 1, 0, -4.37114e-08, 33.8967, 0, -94.751)

[node name="straight_section_intersection_T" parent="." instance=ExtResource("19_1ega6")]
transform = Transform3D(-4.37114e-08, 0, 1, 0, 1, 0, -1, 0, -4.37114e-08, 35.4788, 0, -98.2855)

[node name="straight_just_endcap" parent="." instance=ExtResource("20_c46r4")]
transform = Transform3D(-4.37114e-08, 0, -1, 0, 1, 0, 1, 0, -4.37114e-08, 35.5322, 0, -100.452)

[node name="straight_section3" parent="." instance=ExtResource("18_8mr20")]
transform = Transform3D(1, 0, 0, 0, 1, 0, 0, 0, 1, 22.4768, 0, -96.8262)

[node name="straight_just_endcap2" parent="." instance=ExtResource("20_c46r4")]
transform = Transform3D(1, 0, 0, 0, 1, 0, 0, 0, 1, 21.0992, 0, -98.4681)

[node name="T_section_short" parent="." instance=ExtResource("21_c46r4")]
transform = Transform3D(-4.37114e-08, 0, 1, 1, -4.37114e-08, 4.37114e-08, 4.37114e-08, 1, 1.91069e-15, 22.0813, 0.629575, -99.5975)

[node name="T_section_short2" parent="." instance=ExtResource("21_c46r4")]
transform = Transform3D(-4.37114e-08, 0, 1, 0, 1, 0, -1, 0, -4.37114e-08, 21.0364, 0.515, -99.4834)

[node name="90degree_bend5" parent="." instance=ExtResource("13_8mvnu")]
transform = Transform3D(-4.37114e-08, 0, -1, 1, -4.37114e-08, -4.37114e-08, -4.37114e-08, -1, 1.91069e-15, 22.9191, 0.62957, -99.3363)

[node name="cap_with_valve" parent="." instance=ExtResource("22_eugjt")]
transform = Transform3D(1, 0, 0, 0, -4.37114e-08, -1, 0, 1, -4.37114e-08, 22.0813, 0.632052, -99.1561)
target = "level2_steamhazard"

[node name="person_1" parent="." instance=ExtResource("23_mjtoc")]
transform = Transform3D(0.295936, -0.532651, -0.792909, 0.934293, 0.334163, 0.124224, 0.198793, -0.777572, 0.596543, -24.5031, -1.4105, -109.046)

[node name="trashpile" parent="." instance=ExtResource("24_0074i")]
transform = Transform3D(0.999663, 0, 0.0259676, 0, 1, 0, -0.0259676, 0, 0.999663, -24.941, -1.04774, -109.35)

[node name="trash_1" parent="." instance=ExtResource("25_8k7ur")]
transform = Transform3D(1, 0, 0, 0, 1, 0, 0, 0, 1, -24.6148, -1.37719, -109.231)

[node name="trashbag_1" parent="." instance=ExtResource("26_6jro4")]
transform = Transform3D(0.926119, 0.164767, 0.339345, -0.175161, 0.98454, 0, -0.334099, -0.0594399, 0.940662, -24.2676, -1.46872, -110.281)

[node name="trashbag_2" parent="." instance=ExtResource("26_6jro4")]
transform = Transform3D(0.533127, 0, 0.846035, 0, 1, 0, -0.846035, 0, 0.533127, -24.6818, -1.46872, -110.066)

[node name="trashbag_3" parent="." instance=ExtResource("27_j6408")]
transform = Transform3D(0.999696, 0, 0.0246765, 0, 1, 0, -0.0246765, 0, 0.999696, -25.0834, -1.46872, -109.904)

[node name="trashbag_4" parent="." instance=ExtResource("26_6jro4")]
transform = Transform3D(0.999898, 0, -0.0143112, 0, 1, 0, 0.0143112, 0, 0.999898, -25.4584, -1.46872, -109.824)

[node name="trashbag_5" parent="." instance=ExtResource("27_j6408")]
transform = Transform3D(0.940662, 0, 0.339345, 0, 1, 0, -0.339345, 0, 0.940662, -25.4291, -1.46872, -110.221)

[node name="trashbag_6" parent="." instance=ExtResource("26_6jro4")]
transform = Transform3D(-0.819272, 0, 0.573405, 0, 1, 0, -0.573405, 0, -0.819272, -24.9955, -1.46872, -110.315)

[node name="trashbag_7" parent="." instance=ExtResource("27_j6408")]
transform = Transform3D(0.940662, 0, 0.339345, 0, 1, 0, -0.339345, 0, 0.940662, -24.5328, -1.46872, -110.594)

[node name="trashbag_8" parent="." instance=ExtResource("26_6jro4")]
transform = Transform3D(0.940662, 0, 0.339345, 0, 1, 0, -0.339345, 0, 0.940662, -25.1144, -1.15722, -110.193)

[node name="trashbag_9" parent="." instance=ExtResource("27_j6408")]
transform = Transform3D(0.873671, -0.34863, 0.339345, 0.370622, 0.928784, 0, -0.315179, 0.125769, 0.940662, -24.5841, -1.13368, -110.401)

[node name="monster_sound_trigger" parent="." instance=ExtResource("28_hl2sv")]
transform = Transform3D(-2.31015e-07, 0, -5.285, 0, 5.285, 0, 5.285, 0, -2.31015e-07, -8.1236, 1.46024, -42.5949)

[node name="player" parent="." instance=ExtResource("11_yuh2w")]
transform = Transform3D(0.988806, 0, 0.149207, 0, 1, 0, -0.149207, 0, 0.988806, 1.95, -0.69983, 8.64216)

[node name="trash_2" parent="." instance=ExtResource("25_8k7ur")]
transform = Transform3D(0.861629, 0, -0.507538, 0, 1, 0, 0.507538, 0, 0.861629, 2.31904, -0.598192, -36.4806)

[node name="ruble_pile_brick" parent="." instance=ExtResource("29_0074i")]
transform = Transform3D(0.87592, -0.482457, 0, 0.482457, 0.87592, 0, 0, 0, 1, 55.7643, -1.27822, -79.2271)

[node name="ruble_pile_brick2" parent="." instance=ExtResource("29_0074i")]
transform = Transform3D(0.87592, -0.482457, 0, 0.482457, 0.87592, 0, 0, 0, 1, 56.0524, -1.14968, -80.1287)

[node name="ruble_pile_brick3" parent="." instance=ExtResource("29_0074i")]
transform = Transform3D(0.759834, -0.482457, -0.43576, 0.418517, 0.87592, -0.240017, 0.497489, 0, 0.86747, 56.0524, -1.14968, -78.1972)

[node name="ruble_pile_brick4" parent="." instance=ExtResource("29_0074i")]
transform = Transform3D(0.838654, -0.482457, -0.252773, 0.461931, 0.87592, -0.139228, 0.288581, 0, 0.957456, 57.0252, -0.613842, -77.3705)

[node name="ruble_pile_brick5" parent="." instance=ExtResource("29_0074i")]
transform = Transform3D(0.459842, -0.482457, 0.745507, 0.253281, 0.87592, 0.410626, -0.851114, 0, 0.524981, 56.9369, -0.714129, -78.743)

[node name="ruble_pile_brick6" parent="." instance=ExtResource("29_0074i")]
transform = Transform3D(-0.0996116, -0.437138, 0.893861, -0.136552, 0.895836, 0.422886, -0.985612, -0.0799342, -0.148927, 57.1573, -0.690176, -79.8839)

[node name="ruble_pile_brick7" parent="." instance=ExtResource("29_0074i")]
transform = Transform3D(-0.0996116, -0.437138, 0.893861, -0.136552, 0.895836, 0.422886, -0.985612, -0.0799342, -0.148927, 57.373, -0.722313, -81.4237)

[node name="ruble_pile_brick8" parent="." instance=ExtResource("29_0074i")]
transform = Transform3D(-0.0996116, -0.611828, 0.784693, -0.136552, 0.78956, 0.598288, -0.985612, -0.047555, -0.162196, 58.2077, -0.250053, -80.6953)

[node name="ruble_pile_brick9" parent="." instance=ExtResource("29_0074i")]
transform = Transform3D(-0.133028, -0.517833, 0.845076, -0.0930285, 0.855413, 0.509523, -0.986737, -0.0108352, -0.161967, 58.0092, -0.136203, -79.0742)

[node name="ruble_pile_brick10" parent="." instance=ExtResource("29_0074i")]
transform = Transform3D(0.309853, -0.517833, 0.797396, 0.175737, 0.855413, 0.487222, -0.934403, -0.0108352, 0.356054, 58.1874, -0.01157, -77.7522)

[node name="ruble_pile_concrete" parent="." instance=ExtResource("30_8k7ur")]
transform = Transform3D(1.07746, -0.73335, 0, 1.16225, 0.679851, 0, 0, 0, 3.33319, 59.3036, 0.601238, -80.1975)

[node name="ruble_pile_concrete2" parent="." instance=ExtResource("30_8k7ur")]
transform = Transform3D(0.83093, -0.73335, -1.44259, 0.896318, 0.679851, -1.55611, 1.00892, 0, 2.57053, 59.3476, 0.648637, -77.4376)

[node name="ruble_pile_concrete3" parent="." instance=ExtResource("30_8k7ur")]
transform = Transform3D(0.983728, -0.73335, 0.92444, 1.06114, 0.679851, 0.997186, -0.646537, 2.98023e-08, 3.04322, 60.7401, 2.15074, -77.6626)

[node name="ruble_pile_concrete4" parent="." instance=ExtResource("30_8k7ur")]
transform = Transform3D(-0.436525, -0.73335, 2.07177, -0.470876, 0.679851, 2.2348, -1.44896, 9.15449e-11, -1.35041, 60.9514, 2.37869, -80.8512)

[node name="ruble_pile_concrete5" parent="." instance=ExtResource("30_8k7ur")]
transform = Transform3D(0.896952, -0.73335, 1.25557, 0.967535, 0.679851, 1.35438, -0.878125, 4.60766e-11, 2.77477, 61.8271, 3.32327, -78.688)

[node name="trashpile2" parent="." instance=ExtResource("24_0074i")]
transform = Transform3D(0.501315, 0, -0.477805, 0, 1, 0, 0.460434, 0, 0.520228, 55.3587, -0.268749, -77.0814)

[node name="trashbag_10" parent="." instance=ExtResource("26_6jro4")]
transform = Transform3D(0.730389, 0, -0.683032, 0, 1, 0, 0.683032, 0, 0.730389, 34.6328, -0.70148, -99.9909)

[node name="trashbag_11" parent="." instance=ExtResource("27_j6408")]
transform = Transform3D(1, 0, 0, 0, 1, 0, 0, 0, 1, 35.1253, -0.70148, -100.127)

[node name="trashbag_12" parent="." instance=ExtResource("27_j6408")]
transform = Transform3D(0.378478, -0.258855, -0.888678, 0.246964, 0.953535, -0.172568, 0.892056, -0.154159, 0.42482, 34.5198, -0.359996, -100.053)

[node name="trashbag_13" parent="." instance=ExtResource("27_j6408")]
transform = Transform3D(-0.968427, 0.249121, -0.00939465, 0.246964, 0.953535, -0.172568, -0.0340322, -0.169439, -0.984953, 34.8666, -0.359996, -100.086)

[node name="broken_ceiling" parent="." instance=ExtResource("31_dvoc4")]
transform = Transform3D(0.641169, -0.7674, 0, 0.7674, 0.641169, 0, 0, 0, 1, 59.9573, 1.7052, -80.8795)

[node name="person_2" parent="." instance=ExtResource("23_mjtoc")]
transform = Transform3D(0.111784, -0.910113, 0.398997, 0.993489, 0.0934559, -0.0651643, 0.0220183, 0.403683, 0.914634, 57.7831, -0.672391, -80.9069)

[node name="trash_3" parent="." instance=ExtResource("25_8k7ur")]
transform = Transform3D(0.95378, 0, -0.300506, 0, 1, 0, 0.300506, 0, 0.95378, 47.8503, -0.598193, -81.8372)

[node name="ruble_brick" parent="." instance=ExtResource("32_hl2sv")]
transform = Transform3D(0.571745, 0, 0.820431, 0, 1, 0, -0.820431, 0, 0.571745, 40.3179, -0.499225, -73.5459)

[node name="tire" parent="." instance=ExtResource("33_i6nr4")]
transform = Transform3D(0.510831, -0.561745, -0.650764, 0.688874, 0.720335, -0.0810531, 0.514299, -0.40689, 0.754941, 44.5506, -0.45714, -53.8211)

[node name="cardboard_low_open" parent="." instance=ExtResource("34_tg54v")]
transform = Transform3D(0.125472, 0, -0.992097, 0, 1, 0, 0.992097, 0, 0.125472, 43.8192, -0.511839, -53.4014)

[node name="monster" parent="." instance=ExtResource("35_lddb5")]
transform = Transform3D(-1, 0, -8.74228e-08, 0, 1, 0, 8.74228e-08, 0, -1, 30.4897, -1.18892, -68.676)

[node name="monster_sound_trigger2" parent="." instance=ExtResource("28_hl2sv")]
transform = Transform3D(5.285, 0, 0, 0, 5.285, 0, 0, 0, 5.285, -0.173416, 0.426452, 13.9831)

[node name="monster_sound_trigger7" parent="." instance=ExtResource("28_hl2sv")]
transform = Transform3D(5.285, 0, 0, 0, 5.285, 0, 0, 0, 5.285, -22.5929, 0.426452, -58.7862)

[node name="monster_sound_trigger8" parent="." instance=ExtResource("28_hl2sv")]
transform = Transform3D(5.285, 0, 0, 0, 5.285, 0, 0, 0, 5.285, -26.6731, 0.426452, -78.3211)

[node name="monster_sound_trigger10" parent="." instance=ExtResource("28_hl2sv")]
transform = Transform3D(5.285, 0, 0, 0, 5.285, 0, 0, 0, 5.285, -4.50111, 0.426452, -85.3002)
pitch = 1.6

[node name="monster_sound_trigger9" parent="." instance=ExtResource("28_hl2sv")]
transform = Transform3D(5.285, 0, 0, 0, 5.285, 0, 0, 0, 5.285, 55.0516, 0.426452, -79.4268)

[node name="monster_sound_trigger3" parent="." instance=ExtResource("28_hl2sv")]
transform = Transform3D(5.285, 0, 0, 0, 5.285, 0, 0, 0, 5.285, -25.2576, 0.426453, -136.422)

[node name="monster_sound_trigger4" parent="." instance=ExtResource("28_hl2sv")]
transform = Transform3D(5.285, 0, 0, 0, 5.285, 0, 0, 0, 5.285, -25.5046, 0.426453, -147.632)
pitch = 0.83

[node name="monster_sound_trigger5" parent="." instance=ExtResource("28_hl2sv")]
transform = Transform3D(5.285, 0, 0, 0, 5.285, 0, 0, 0, 5.285, -25.5046, -0.540166, -153.672)
pitch = 0.73

[node name="monster_sound_trigger6" parent="." instance=ExtResource("28_hl2sv")]
transform = Transform3D(5.285, 0, 0, 0, 5.285, 0, 0, 0, 5.285, -25.5046, -1.77422, -161.27)
pitch = 1.24

[node name="FogVolume3" type="FogVolume" parent="."]
transform = Transform3D(1, 0, 0, 0, 1, 0, 0, 0, 1, -25.6795, -1.17209, -150.662)
size = Vector3(12.5117, 6.11295, 39.0525)
material = SubResource("FogMaterial_nyvxu")

[node name="FogVolume2" type="FogVolume" parent="."]
transform = Transform3D(-4.37114e-08, 0, -1, 0, 1, 0, 1, 0, -4.37114e-08, 18.4069, 3.83614, -82.1976)
size = Vector3(226.001, 29.6399, 210.815)
material = SubResource("FogMaterial_lddb5")

[node name="WorldEnvironment" type="WorldEnvironment" parent="."]
environment = SubResource("Environment_nyvxu")

[node name="monster2" parent="." instance=ExtResource("35_lddb5")]
transform = Transform3D(-4.37114e-08, 0, -1, 0, 1, 0, 1, 0, -4.37114e-08, -0.122278, -1.19003, -36.7316)

[node name="oil_lamp" parent="." instance=ExtResource("37_tg54v")]
transform = Transform3D(0.761527, 0, 0.648133, -0.0938978, 0.98945, 0.110326, -0.641295, -0.144874, 0.753493, -23.0007, -0.80662, -136.547)

[node name="OmniLight3D" type="OmniLight3D" parent="oil_lamp"]
transform = Transform3D(1, 0, -5.96046e-08, 0, 1, 0, 5.96046e-08, 0, 1, 0, 0.286288, 0)
light_color = Color(0.52588, 0.271583, 9.62615e-08, 1)
light_energy = 0.6
light_volumetric_fog_energy = 1.3
light_size = 0.26

[node name="oil_lamp2" parent="." instance=ExtResource("37_tg54v")]
transform = Transform3D(0.761527, 0, 0.648133, -0.0938978, 0.98945, 0.110326, -0.641295, -0.144874, 0.753493, -23.098, -1.49558, -141.252)

[node name="OmniLight3D" type="OmniLight3D" parent="oil_lamp2"]
transform = Transform3D(1, 0, -5.96046e-08, 0, 1, 0, 5.96046e-08, 0, 1, 0, 0.286288, 0)
light_color = Color(0.52588, 0.271583, 9.62615e-08, 1)
light_energy = 0.6
light_volumetric_fog_energy = 1.3
light_size = 0.26

[node name="oil_lamp3" parent="." instance=ExtResource("37_tg54v")]
transform = Transform3D(0.761527, 0, 0.648133, -0.0938978, 0.98945, 0.110326, -0.641295, -0.144874, 0.753493, -23.0362, -2.2852, -146.645)

[node name="OmniLight3D" type="OmniLight3D" parent="oil_lamp3"]
transform = Transform3D(1, 0, -5.96046e-08, 0, 1, 0, 5.96046e-08, 0, 1, 0, 0.286288, 0)
light_color = Color(0.52588, 0.271583, 9.62615e-08, 1)
light_energy = 0.6
light_volumetric_fog_energy = 1.3
light_size = 0.26

[node name="oil_lamp4" parent="." instance=ExtResource("37_tg54v")]
transform = Transform3D(0.761527, 0, 0.648133, -0.0938978, 0.98945, 0.110326, -0.641295, -0.144874, 0.753493, -22.7646, -2.91725, -150.962)

[node name="OmniLight3D" type="OmniLight3D" parent="oil_lamp4"]
transform = Transform3D(1, 0, -5.96046e-08, 0, 1, 0, 5.96046e-08, 0, 1, 0, 0.286288, 0)
light_color = Color(0.52588, 0.271583, 9.62615e-08, 1)
light_energy = 0.6
light_volumetric_fog_energy = 1.3
light_size = 0.26

[node name="oil_lamp5" parent="." instance=ExtResource("37_tg54v")]
transform = Transform3D(0.761527, 0, 0.648133, -0.0938978, 0.98945, 0.110326, -0.641295, -0.144874, 0.753493, -22.8304, -3.88336, -157.56)

[node name="OmniLight3D" type="OmniLight3D" parent="oil_lamp5"]
transform = Transform3D(1, 0, -5.96046e-08, 0, 1, 0, 5.96046e-08, 0, 1, 0, 0.286288, 0)
light_color = Color(0.52588, 0.271583, 9.62615e-08, 1)
light_energy = 0.6
light_volumetric_fog_energy = 1.3
light_size = 0.26

[node name="oil_lamp6" parent="." instance=ExtResource("37_tg54v")]
transform = Transform3D(1, 0, 0, 0, 1, 0, 0, 0, 1, -24.6935, -4.69491, -166.923)

[node name="OmniLight3D" type="OmniLight3D" parent="oil_lamp6"]
transform = Transform3D(1, 0, -5.96046e-08, 0, 1, 0, 5.96046e-08, 0, 1, 0, 0.286288, 0)
light_color = Color(0.52588, 0.271583, 9.62615e-08, 1)
light_energy = 0.6
light_volumetric_fog_energy = 1.3
light_size = 0.26

[node name="oil_lamp7" parent="." instance=ExtResource("37_tg54v")]
transform = Transform3D(1, 0, 0, 0, 1, 0, 0, 0, 1, -23.2758, -4.69491, -165.564)

[node name="OmniLight3D" type="OmniLight3D" parent="oil_lamp7"]
transform = Transform3D(1, 0, -5.96046e-08, 0, 1, 0, 5.96046e-08, 0, 1, 0, 0.286288, 0)
light_color = Color(0.52588, 0.271583, 9.62615e-08, 1)
light_energy = 0.6
light_volumetric_fog_energy = 1.3
light_size = 0.26

[node name="oil_lamp8" parent="." instance=ExtResource("37_tg54v")]
transform = Transform3D(1, 0, 0, 0, 1, 0, 0, 0, 1, -26.1193, -4.69491, -165.564)

[node name="OmniLight3D" type="OmniLight3D" parent="oil_lamp8"]
transform = Transform3D(1, 0, -5.96046e-08, 0, 1, 0, 5.96046e-08, 0, 1, 0, 0.286288, 0)
light_color = Color(0.52588, 0.271583, 9.62615e-08, 1)
light_energy = 0.6
light_volumetric_fog_energy = 1.3
light_size = 0.26

[node name="AudioStreamPlayer" type="AudioStreamPlayer" parent="."]
stream = ExtResource("38_lddb5")
volume_db = -5.148
pitch_scale = 0.83
autoplay = true
parameters/looping = true

[node name="Area3D" type="Area3D" parent="."]
transform = Transform3D(-4.37114e-08, 0, 1, 0, 1, 0, -1, 0, -4.37114e-08, -24.6026, -3.90503, -167.693)
script = ExtResource("39_lddb5")
to_level = "res://Scenes/MainMenu.tscn"

[node name="CollisionShape3D" type="CollisionShape3D" parent="Area3D"]
transform = Transform3D(1, 0, 0, 0, 1, 0, 0, 0, 1, 0, 0.415466, -0.0782166)
shape = SubResource("BoxShape3D_ibvsg")

[node name="monster3" parent="." instance=ExtResource("35_lddb5")]
transform = Transform3D(1.31134e-07, 0, 1, 0, 1, 0, -1, 0, 1.31134e-07, 62.4186, -1.18892, -79.2328)

[node name="monster4" parent="." instance=ExtResource("35_lddb5")]
transform = Transform3D(1, 0, 0, 0, 1, 0, 0, 0, 1, -37.0813, -1.24316, -70.8571)

[node name="GPUParticles3D" type="GPUParticles3D" parent="."]
transform = Transform3D(-0.0129652, 0.996217, 0.0859225, -0.988806, -3.29613e-08, -0.149207, -0.148642, -0.0868948, 0.985066, -21.533, 0.629236, -111.272)
amount = 256
lifetime = 2.0
local_coords = true
transform_align = 1
